rvecs: [1.7292566184104448, 1.2675484666458774, -0.6877653743035614]
tvecs: [0.26631994194194064, 0.2848196637767832, 3.4521342033051363]